2 3
599 20
581 20
599 600
2 581
581 599
3 21
18 580
19 111
199 139
50 170
259 259
20 291
229 310
229 292
339 370
229 371
259 430
170 400
230 430
50 340
199 369
50 370
139 430
50 461
200 550
231 462
340 489
230 490
310 550
290 400
339 459
339 521
369 581
400 50
549 80
400 80
429 139
340 111
401 139
460 111
550 200
290 171
461 200
289 230
489 258
371 262
491 310
370 311
401 370
431 341
490 371
430 372
459 402
370 401
459 460
369 462
489 488
401 491
488 550
490 521
549 550
490 400
519 430
521 232
580 490
49 51
369 81
231 80
309 138
