2 3
520 51
518 4
599 289
520 291
550 429
580 290
599 599
491 551
582 599
370 581
490 599
110 551
368 601
3 465
109 599
2 50
50 459
81 81
170 110
80 111
110 141
80 143
200 170
200 81
260 310
291 81
490 109
430 111
490 169
291 141
400 170
290 172
310 230
291 232
340 310
340 171
400 200
370 201
429 310
429 201
520 230
460 261
490 341
291 342
490 431
490 461
550 520
401 461
460 489
400 489
430 519
401 521
460 549
200 341
259 430
81 341
168 429
140 431
168 519
170 461
370 520
80 202
170 310
550 290
580 310

