21 112
79 139
51 51
138 79
110 81
139 139
109 172
198 198
50 171
79 259
80 228
199 260
171 263
200 369
199 340
258 371
109 262
139 368
51 342
111 371
19 291
79 310
22 401
77 429
52 465
79 549
109 401
141 549
171 463
200 576
231 464
257 548
289 462
311 548
306 463
429 487
401 493
430 549
340 522
370 577
460 464
489 550
491 522
549 551
490 402
547 431
521 431
549 489
431 343
487 367
432 371
460 429
342 401
429 428
340 429
369 455
432 292
547 311
521 311
548 370
520 233
579 259
340 230
489 260
371 261
400 370
290 340
369 369
291 370
308 427
229 291
338 309
231 203
257 259
257 202
287 232
290 52
311 259
311 52
369 79
231 25
259 51
168 52
261 78
169 80
199 139
199 110
259 140
233 142
258 167
399 23
461 50
401 52
429 137
343 111
399 138
459 82
490 140
490 22
581 49
521 80
550 197
341 172
520 201
139 402
287 430
